> system.time(norm.table <- FSE.norm(c(20,50,100,300), 2, 1e3))
   user  system elapsed 
   3.44    0.60  654.89 
> norm.table
          [,1]      [,2]      [,3]      [,4]
[1,] 0.5946046 0.6345022 0.7684512 0.7877937
[2,] 0.4186244 0.4395937 0.6139842 0.6343841
[3,] 0.3889969 0.4174342 0.6154715 0.6545416
[4,] 0.4505582 0.4607746 0.6963155 0.7226184
> t5.table
          [,1]      [,2]      [,3]      [,4]
[1,] 0.7927773 0.7942761 0.9300612 0.9668311
[2,] 0.8987629 0.9147361 1.2992987 1.3563277
[3,] 1.0396977 1.0503794 1.6874114 1.7770131
[4,] 1.2195941 1.2452431 1.6455226 1.7078392
> system.time(t6.table <- FSE.t(c(20,50,100,300), 2, df=6, 1e3))
   user  system elapsed 
   3.50    0.67  626.25 
> t6.table
          [,1]      [,2]     [,3]      [,4]
[1,] 0.7560705 0.7609971 0.909101 0.9612512
[2,] 0.8166152 0.8383711 1.067320 1.1165026
[3,] 0.9165351 0.9206065 1.317771 1.3912239
[4,] 0.8930015 0.9388659 1.245880 1.3157892
> 
> system.time(t10.table <- FSE.t(c(20,50,100,300), 2, df=10, 1e3))
   user  system elapsed 
   3.74    0.61  648.17 
> t10.table
          [,1]      [,2]      [,3]      [,4]
[1,] 0.6559666 0.6670154 0.7887243 0.8339975
[2,] 0.6019151 0.6058983 0.8721914 0.9138228
[3,] 0.5932373 0.6323151 0.9806203 1.0406718
[4,] 0.6535456 0.6719610 0.9172211 1.0076021
> system.time(t15.table <- FSE.t(c(20,50,100,300), 2, df=15, 1e3))
   user  system elapsed 
   3.81    0.59  626.59 
> t15.table
          [,1]      [,2]      [,3]      [,4]
[1,] 0.5990521 0.6172154 0.7555074 0.7779806
[2,] 0.5376215 0.5347707 0.7903096 0.8568225
[3,] 0.4957034 0.5079016 0.7450974 0.7846930
[4,] 0.5642447 0.5738646 0.7956387 0.8448078
> 
> system.time(t25.table <- FSE.t(c(20,50,100,300), 2, df=25, 1e3))
   user  system elapsed 
   3.45    0.61  638.63 
> t25.table
          [,1]      [,2]      [,3]      [,4]
[1,] 0.6231347 0.6685431 0.7384752 0.7621688
[2,] 0.4743890 0.5057780 0.6475712 0.6791337
[3,] 0.4589807 0.4651037 0.7244384 0.7472481
[4,] 0.5344278 0.5477049 0.7735186 0.8259939


>  norm.table
          [,1]      [,2]      [,3]      [,4]      [,5]      [,6]      [,7]      [,8]
[1,] 0.5518558 0.5862956 0.6622774 0.6779382 0.6769610 0.6821874 0.6403416 0.6608049
[2,] 0.4402107 0.4267635 0.6482982 0.6957944 0.6543037 0.7108568 0.7240089 0.7636241
[3,] 0.4078290 0.4194664 0.6863729 0.7243576 0.6800602 0.7126540 0.7734294 0.8296553
[4,] 0.3867025 0.4076412 0.6222569 0.6566880 0.5918506 0.6273943 0.7688734 0.8392383
[5,] 0.4636891 0.4514447 0.7038949 0.7449107 0.6803699 0.7203941 0.7942273 0.8601779
[6,] 0.4386987 0.4322170 0.7326345 0.7473944 0.7297802 0.7436709 0.8405523 0.8666430
[7,] 0.4749008 0.4894558 0.7044837 0.7577158 0.6742219 0.7227846 0.8265682 0.8951165
[8,] 0.4770726 0.4836184 0.7340336 0.7804895 0.7069836 0.7520334 0.8272468 0.8850194
> t6.table
          [,1]      [,2]      [,3]     [,4]      [,5]      [,6]      [,7]      [,8]
[1,] 0.8143396 0.8429502 0.9368499 1.006367 0.9122996 0.9498789 0.8396746 0.8598888
[2,] 0.7919596 0.8551399 1.1509710 1.229701 1.0455386 1.0919065 1.1428688 1.1704686
[3,] 0.7205938 0.7900087 1.2536430 1.332925 1.0533547 1.0831125 1.3193718 1.3747914
[4,] 1.0034392 1.0177290 1.4125273 1.483704 1.2184567 1.2755795 1.4551245 1.5215005
> t5.table
          [,1]      [,2]     [,3]     [,4]     [,5]      [,6]      [,7]      [,8]
[1,] 0.8523844 0.8406155 1.030188 1.044596 0.959454 0.9602166 0.9666338 0.9370414
[2,] 0.7726018 0.8149231 1.077710 1.143337 1.029738 1.0556141 1.0715996 1.1034559
[3,] 0.9468544 0.9083234 1.473171 1.530958 1.275695 1.3034429 1.3212663 1.3350063
[4,] 0.9762358 1.0645519 1.421992 1.535770 1.059317 1.0843877 1.4980602 1.5836203
[5,] 1.2095552 1.1579978 1.877275 1.973232 1.517635 1.5704141 1.8674015 1.9649093
[6,] 1.1318251 1.1779873 1.668339 1.773784 1.342150 1.4085870 1.6668945 1.7372761
[7,] 1.5156288 1.6318972 2.133146 2.303976 1.728878 1.8328036 2.0917537 2.2584698
[8,] 1.1195326 1.1528025 1.700291 1.812021 1.138748 1.1863770 1.8048275 1.9201188

> FSE.norm(1e3, 2, 1e3)
         [,1]      [,2]      [,3]      [,4]      [,5]      [,6]      [,7]      [,8]
[1,] 0.481654 0.4893685 0.7314273 0.7519815 0.7035679 0.7277488 0.8488015 0.8771711